Person 769.28 361.362323 871.04 606.11469
Person 0.0 408.774817 45.44 556.7795510000001
Person 39.04 411.337433 70.4 551.653636
Person 58.88 399.16432399999997 94.08 543.965105
Person 79.36 397.88301600000005 140.16 556.7795510000001
Person 145.28 404.289556 180.48 551.653636
Person 180.48 425.43318700000003 217.6 547.809712
Person 216.32 408.774817 255.36 551.653636
Person 248.96 415.18204 279.04 545.246413
Person 279.04 404.289556 315.52 543.965105
Person 309.12 417.74465599999996 350.08 551.653636
Person 337.92 405.571547 364.16 536.917228
Person 364.16 400.44563200000005 414.08 551.653636
Person 392.96 401.72694 430.08 471.56505599999997
Person 423.68 387.631186 466.56 441.450903
Person 466.56 387.631186 513.92 431.84041
Person 511.36 378.02069300000005 561.28 433.76237199999997
Person 640.0 363.924939 673.92 424.151879
Person 662.4 358.79902400000003 717.44 490.14538799999997
