Person 0.0 242.56 69.196779 581.76
Person 16.65837 177.92 258.20746699999995 996.48
Person 144.801464 176.0 221.686774 282.88
Person 185.16608100000002 197.12 303.697999 736.0
Person 209.512982 18.56 265.255344 111.36
Person 240.90776 227.2 475.40898 798.72
Person 251.15959 146.56 362.00297699999993 295.04
Person 269.099268 1.28 317.793753 88.96
Person 347.90722300000004 44.8 447.858126 163.84
Person 363.284285 80.0 486.301464 216.32
Person 372.254124 125.44 522.821474 300.16
Person 396.60102500000005 18.56 452.984041 80.0
Person 407.49350899999996 207.36 573.4379210000001 702.72
Person 429.918448 15.36 496.552611 132.48
Person 454.265349 53.76 566.390044 311.04
Person 594.5815520000001 81.92 682.3593460000001 384.64
