Person 918.66624 379.140903 963.999744 517.070826
Person 47.333376 295.84972799999997 81.999872 349.822278
Person 93.333504 339.161139 145.999872 417.788271
Person 99.99974399999999 403.12863 159.333376 604.3598460000001
Person 202.667008 337.828743 229.999616 425.78396100000003
Person 270.666752 323.169102 330.000384 471.76082099999996
Person 351.333376 352.48772699999995 412.66688 466.429923
Person 373.332992 294.517332 415.333376 354.48697799999997
Person 455.999488 349.822278 495.333376 447.773094
Person 464.0 287.854038 495.333376 361.150272
Person 528.6666240000001 290.519487 565.332992 387.803448
Person 645.332992 202.56361199999998 664.667136 240.544782
Person 676.6663679999999 223.22034900000003 705.333248 260.534664
Person 965.9996160000001 229.88364299999998 994.666496 320.50431000000003
