Person 829.44 509.43974399999996 883.84 666.24
Person 21.76 497.91974400000004 94.72 641.919744
Person 71.04 476.799744 124.8 641.919744
Person 94.72 515.199744 143.36 619.520256
Person 123.52 513.920256 167.68 628.479744
Person 140.8 520.3199999999999 231.04 625.92
Person 145.92 481.91999999999996 176.64 546.560256
Person 190.08 487.040256 221.44 560.000256
Person 200.32 533.76 289.28 641.919744
Person 224.0 510.72 266.88 561.2797439999999
Person 268.16 506.88 288.0 590.079744
Person 295.68 504.320256 306.56 631.6800000000001
Person 309.12 504.320256 369.92 623.360256
Person 353.92 489.59999999999997 401.28 600.96
Person 385.92 522.8797440000001 458.24 647.04
Person 389.76 510.72 425.6 581.1202559999999
Person 405.76 365.439744 782.72 723.84
Person 648.96 553.599744 712.32 644.480256
Person 714.88 499.20000000000005 815.36 656.64
