Person 452.48 331.30710000000005 512.0 473.295955
Person 0.0 576.90974 77.44 680.52284
Person 3.2 523.18382 44.8 555.802835
Person 40.96 546.848515 78.72 599.294855
Person 81.92 535.97551 129.92 608.2491749999999
Person 140.8 601.85333 225.92 684.36021
Person 167.04 545.56962 244.48 629.35608
Person 186.88 524.4634 234.88 554.52394
Person 270.72 535.97551 329.6 592.259905
Person 278.4 629.35608 350.72 684.36021
Person 291.84 559.640205 359.68 619.76197
Person 354.56 545.56962 420.48 661.9750950000001
Person 408.32 554.52394 478.08 629.35608
Person 444.8 585.863375 512.0 681.801735
Person 480.64 530.859245 556.8 599.294855
Person 485.76 614.6450199999999 540.8 684.36021
Person 514.56 654.29967 576.0 684.36021
Person 554.24 571.79279 613.12 629.35608
Person 560.64 587.142955 682.88 684.36021
Person 644.48 555.802835 753.28 660.695515
Person 685.44 580.74711 829.44 684.36021
Person 724.48 535.97551 771.84 588.4218500000001
Person 759.68 544.290725 796.8 583.305585
Person 817.92 535.97551 895.36 633.19345
Person 870.4 575.63016 995.84 684.36021
Person 924.16 554.52394 986.88 640.86819
Person 939.52 523.18382 1015.68 619.76197
Person 974.08 638.309715 1023.36 684.36021
