Person 805.12 288.961591 953.6 455.546657
Person 0.0 260.129429 46.72 346.62591499999996
Person 40.32 257.566813 154.24 397.88301600000005
Person 146.56 245.39302099999998 213.12 390.194485
Person 215.68 240.267106 272.0 315.230454
Person 220.8 315.230454 369.28 626.616984
Person 255.36 248.596291 311.68 319.075061
Person 306.56 267.81795999999997 362.88 426.714495
Person 339.2 244.11171300000004 370.56 303.697999
Person 355.2 281.27306 550.4 556.7795510000001
Person 428.16 230.01595899999998 461.44 322.91898499999996
Person 467.84 283.83567600000003 613.12 540.121181
Person 471.68 248.596291 515.2 319.075061
Person 531.84 236.42318200000003 597.76 307.54192300000005
Person 599.04 237.70449 654.08 320.35636900000003
Person 640.64 249.878282 815.36 509.367057
Person 715.52 220.405466 775.04 296.650122
Person 755.2 217.842167 780.16 265.255344
Person 782.72 212.71693499999998 811.52 241.549097
Person 827.52 222.32742799999997 872.96 301.13538300000005
Person 862.72 220.405466 916.48 285.11698399999995
Person 892.8 213.998243 921.6 248.596291
Person 912.64 232.57857500000003 1023.36 390.194485
Person 917.76 216.560859 952.96 261.410737
Person 972.8 237.70449 1018.88 319.075061
