Person 14.336 124.22529 99.668992 358.34211
Person 85.332992 111.25674000000001 136.53299199999998 296.91207
Person 119.467008 105.79653 185.003008 334.45313999999996
Person 189.099008 118.08215999999999 250.539008 361.07253000000003
Person 190.464 129.6855 210.944 163.81385999999998
Person 224.596992 108.52632 295.595008 352.88190000000003
Person 299.008 115.35237000000001 332.459008 195.21117
Person 301.739008 131.05071 382.29299199999997 400.66110000000003
Person 371.371008 112.62195 456.704 384.96213
Person 497.664 123.54299999999999 595.968 434.78883
Person 617.812992 132.41592 781.652992 589.0468500000001
