Person 851.84 392.71227 920.96 654.7338299999999
Person 0.0 30.750555000000002 41.6 112.111668
Person 0.0 310.06951499999997 44.16 499.698732
Person 0.0 168.48825300000001 45.44 310.06951499999997
Person 0.0 94.814949 88.96 254.97457199999997
Person 97.92 153.75345600000003 145.28 279.959781
Person 97.92 281.24074199999995 162.56 379.899255
Person 97.92 342.101712 167.68 472.15160099999997
Person 136.32 96.09590999999999 174.08 229.989363
Person 176.64 232.55196600000002 227.84 363.883497
Person 185.6 113.39331 255.36 244.72416
Person 200.32 323.523351 276.48 424.744467
Person 205.44 210.770181 263.04 362.601855
Person 211.84 426.02542800000003 297.6 533.6527110000001
Person 267.52 206.28579599999998 331.52 311.351157
Person 276.48 312.632118 346.24 537.496956
Person 307.84 426.02542800000003 392.96 558.63792
Person 347.52 115.95591300000001 397.44 218.45799000000002
Person 392.96 438.838443 503.68 572.731896
Person 515.2 463.822971 638.72 617.576427
Person 526.72 162.082086 561.28 233.833608
Person 542.72 401.040219 605.44 504.82393799999994
Person 570.24 108.268104 650.24 210.770181
Person 602.88 169.769214 668.8 247.286763
Person 625.28 484.96393500000005 723.84 621.4206720000001
Person 687.36 178.738665 734.08 294.69457800000004
Person 814.08 190.91085900000002 882.56 337.617327
Person 912.64 549.0283290000001 988.8 680.359179
Person 915.2 377.336652 976.0 570.169293
