Person 201.6 214.548398 262.4 357.04736199999996
Person 268.8 214.548398 302.39948799999996 360.249482
Person 321.60051200000004 216.14945799999998 372.799488 360.249482
Person 721.599488 214.548398 758.4 326.62606600000004
Person 779.200512 217.750518 828.8 333.03030600000005
Person 828.8 209.745218 886.4 320.22182599999996
Person 856.000512 281.79523 891.2005119999999 389.06914
Person 894.4005119999999 220.952638 935.999488 326.62606600000004
Person 915.2 216.14945799999998 966.4 368.254782
Person 966.4 216.14945799999998 996.7994880000001 368.254782
