Person 302.72 277.74359200000004 361.6 592.605398
Person 361.6 254.06482499999998 392.96 334.060531
Person 366.72 321.26138100000003 436.48 424.93517499999996
Person 370.56 419.81551500000006 429.44 661.0811900000001
Person 385.28 297.582614 448.0 356.458704
Person 400.64 350.059129 484.48 440.29415499999993
Person 405.76 275.183762 436.48 301.42235900000003
Person 429.44 408.93589799999995 492.8 648.921658
Person 440.32 254.06482499999998 472.96 330.220786
Person 451.84 309.101849 496.64 387.816961
Person 464.0 279.023507 491.52 314.861127
Person 480.64 350.059129 516.48 444.773518
Person 487.68 393.576918 563.2 653.4017
Person 519.04 286.063379 567.68 356.458704
Person 528.0 306.542019 566.4 383.977216
Person 528.0 342.37963899999994 585.6 443.493603
Person 561.92 266.224357 595.2 330.220786
Person 561.92 393.576918 625.28 653.4017
Person 571.52 322.541296 641.92 432.614665
Person 585.6 273.903847 638.08 356.458704
Person 614.4 271.344017 661.76 330.220786
Person 622.72 396.136748 681.6 647.641743
Person 648.96 301.42235900000003 676.48 373.73789600000003
Person 648.96 346.219384 700.16 439.01424000000003
Person 673.92 380.13747099999995 764.16 653.4017
Person 677.76 266.224357 732.8 360.29844900000006
Person 677.76 313.581212 736.64 408.93589799999995
