Person 696.32 491.548524 775.04 581.153823
Person 0.0 291.856851 33.92 352.02047699999997
Person 19.2 279.056094 69.12 335.379561
Person 60.16 268.175757 106.88 341.78028
Person 79.36 385.302309 119.04 417.944682
Person 85.12 268.175757 124.16 334.099962
Person 112.0 54.403047 147.2 114.566673
Person 112.64 483.22806599999996 174.08 538.911393
Person 126.08 296.97729 153.6 348.180318
Person 164.48 245.774262 190.72 281.616654
Person 186.24 269.456037 203.52 293.137131
Person 186.24 396.823467 227.2 448.026495
Person 204.16 440.346177 276.48 490.268925
Person 206.72 495.389364 282.88 591.3947009999999
Person 228.48 224.01290699999998 254.72 281.616654
Person 282.88 490.268925 341.76 596.51514
Person 282.88 576.673524 407.68 621.4765140000001
Person 286.08 234.253785 309.76 264.335598
Person 307.84 432.66517799999997 361.6 499.22952300000003
Person 393.6 56.963606999999996 409.6 109.44623400000002
Person 395.52 563.8734479999999 474.24 625.3166729999999
Person 439.68 208.012131 464.64 230.413626
Person 485.12 515.230299 545.28 596.51514
Person 515.84 171.53028 531.84 210.57269100000002
Person 519.04 632.9969910000001 622.72 680.35986
Person 579.2 340.5 612.48 451.86665400000004
Person 599.68 251.534841 627.2 286.73709299999996
Person 647.04 264.335598 673.28 296.97729
Person 676.48 625.3166729999999 796.16 680.35986
Person 689.28 296.97729 727.04 343.059879
Person 725.76 320.659065 764.8 415.384122
Person 753.92 555.552309 839.04 666.918963
Person 771.84 298.25757 794.24 332.81968200000006
Person 787.2 310.41818700000005 819.2 360.340935
Person 869.76 250.254561 888.32 270.735636
Person 894.08 320.659065 949.76 415.384122
Person 900.48 255.375 933.12 289.296972
