Person 0.0 433.919808 1023.36 575.360064
Person 326.4 263.040192 427.52 368.000064
Person 408.96 288.0 502.4 384.000192
Person 490.24 210.56025599999998 647.68 305.28000000000003
Person 502.4 319.359744 526.08 381.439872
Person 536.32 326.400192 548.48 380.16
Person 548.48 328.95993599999997 565.12 381.439872
Person 631.04 301.439808 711.04 400.640256
Person 703.36 195.200064 1023.36 319.359744
Person 847.36 286.720128 890.88 357.759936
Person 892.8 346.23993599999994 929.92 424.96012799999994
Person 945.92 289.279872 979.84 339.200064
