Person 374.4 172.992289 439.04 253.72220600000003
Person 0.0 456.828648 140.16 663.137677
Person 5.12 205.028404 78.08 279.99175199999996
Person 60.16 292.805515 222.72 487.582772
Person 100.48 197.33987299999998 175.36 281.27306
Person 175.36 297.93143000000003 372.48 522.821474
Person 180.48 417.74465599999996 423.68 670.1855539999999
Person 192.64 195.417228 257.92 267.81795999999997
Person 281.6 202.465105 344.96 257.566813
Person 314.24 271.66256699999997 481.28 416.46334800000005
Person 410.24 441.450903 673.92 682.3593460000001
Person 480.0 181.32147400000002 545.28 249.878282
Person 513.92 270.380576 709.12 440.16959499999996
Person 571.52 189.010005 631.68 241.549097
Person 637.44 240.267106 727.68 379.302001
Person 672.64 27.550853999999998 762.88 155.05261099999998
Person 723.84 312.66783799999996 886.4 509.367057
Person 743.68 169.148365 821.12 240.267106
Person 748.8 440.16959499999996 1023.36 682.3593460000001
Person 766.08 17.299024 847.36 141.597511
Person 839.04 178.758858 892.8 235.14187400000003
Person 886.4 256.285505 983.68 388.912494
Person 907.52 162.741142 963.84 251.15959
Person 949.76 169.148365 1023.36 257.566813
