Person 152.80025600000002 171.200256 256.799744 495.99974399999996
Person 31.200256 195.999744 80.0 416.00025600000004
Person 71.999488 201.60000000000002 115.99974399999999 385.599744
Person 211.999744 218.39999999999998 251.199488 375.99974399999996
Person 243.999744 201.60000000000002 300.000256 430.400256
Person 277.600256 207.999744 391.999488 576.0
Person 371.2 197.600256 439.19974400000007 411.99974399999996
Person 524.0002559999999 205.599744 683.200512 674.4000000000001
Person 611.2 197.600256 673.599488 318.399744
Person 659.9997440000001 229.599744 732.0002559999999 402.39974400000006
