Person 284.672 270.50681000000003 334.507008 397.563327
Person 164.523008 280.070525 206.16499199999998 419.42237400000005
Person 195.924992 265.725292 235.52 410.54241199999996
Person 221.867008 271.189884 258.73100800000003 410.54241199999996
Person 397.995008 506.859241 433.492992 551.260409
Person 410.283008 586.781615 521.556992 674.901556
Person 441.68499199999997 298.514202 494.251008 409.176264
Person 478.548992 299.88034999999996 524.288 410.54241199999996
Person 553.643008 269.823736 603.476992 396.197179
Person 591.188992 267.09144 632.148992 375.02120600000006
Person 629.419008 252.746207 673.108992 383.21809399999995
Person 656.043008 433.084533 725.675008 519.838326
Person 669.0129919999999 264.359144 722.944 385.267316
Person 729.088 286.901265 767.316992 398.92947499999997
Person 858.112 286.901265 909.312 409.176264
Person 869.0350080000001 519.838326 922.283008 581.3170230000001
