Person 142.08 320.35636900000003 245.12 672.108199
Person 226.56 345.344607 277.76 525.384773
Person 272.64 340.218692 310.4 512.5703269999999
Person 331.52 340.218692 395.52 534.3546120000001
Person 407.68 345.344607 433.92 499.115227
Person 427.52 350.469839 455.04 529.228697
Person 462.72 335.09277699999996 512.64 512.5703269999999
Person 499.2 324.200976 560.0 534.3546120000001
Person 546.56 351.75114700000006 576.64 525.384773
Person 577.92 341.5 646.4 540.121181
Person 637.44 361.362323 670.08 533.073304
Person 701.44 350.469839 760.32 533.073304
Person 757.76 354.9551 822.4 538.839873
Person 852.48 191.573304 896.0 333.81146900000005
