Person 691.2 185.716105 773.12 413.057567
Person 0.0 306.751664 42.88 390.644002
Person 49.28 302.908844 101.76 421.38309999999996
Person 142.72 341.333005 221.44 447.639485
Person 217.6 320.19980300000003 322.56 545.620432
Person 400.0 0.0 604.8 227.982509
Person 455.04 444.437135 562.56 576.35953
Person 558.72 313.15521 595.2 355.421614
Person 646.4 450.200788 781.44 576.35953
Person 802.56 295.22435799999994 840.96 351.579371
Person 849.92 313.15521 883.84 359.264434
Person 937.6 311.874847 986.24 368.87032999999997
Person 986.24 313.15521 1017.6 376.55481599999996
