Person 297.6 159.395116 369.92 390.48650399999997
Person 17.92 165.156708 110.72 401.368948
Person 103.04 163.87595199999998 214.4 405.209768
Person 211.84 162.59592000000004 282.88 402.64898
Person 389.12 162.59592000000004 469.12 407.769832
Person 482.56 170.27756 571.52 407.769832
Person 576.64 160.035132 642.56 411.610652
Person 645.12 160.035132 755.2 402.64898
Person 748.8 162.59592000000004 828.8 407.769832
Person 832.64 166.43674 922.88 401.368948
Person 904.96 161.315888 1012.48 409.050588
