Person 0.0 520.5692310000001 26.24 562.189047
Person 21.12 579.477174 42.24 620.4569399999999
Person 49.92 548.1019229999999 63.36 595.4844479999999
Person 84.48 553.2245819999999 102.4 610.851672
Person 113.28 526.97199 131.2 569.2318560000001
Person 136.96 526.97199 154.88 554.505435
Person 139.52 567.951756 154.88 610.851672
Person 163.2 533.374749 184.32 570.512709
Person 233.6 574.3545150000001 252.16 630.701505
Person 256.0 584.599833 266.88 621.73704
Person 266.88 702.415719 293.12 751.7191469999999
Person 277.12 516.726672 291.84 559.627341
Person 308.48 542.9792640000001 319.36 584.599833
Person 323.2 591.642642 338.56 653.112291
Person 344.32 516.726672 354.56 553.2245819999999
Person 345.6 486.633027 354.56 512.884866
Person 354.56 699.2139629999999 373.12 752.35995
Person 366.08 644.147826 392.32 722.905602
Person 408.32 647.989632 428.16 719.703846
Person 417.28 626.859699 443.52 693.4512540000001
Person 434.56 601.88796 451.84 651.8314379999999
Person 465.92 480.86956499999997 475.52 512.884866
Person 504.32 722.905602 518.4 752.35995
Person 581.76 563.4691469999999 597.12 615.974331
Person 784.64 663.3568560000001 803.2 706.898328
Person 800.64 678.08403 819.2 719.703846
Person 814.08 679.3648830000001 832.0 719.703846
Person 892.8 710.7401340000001 919.04 752.35995
Person 928.0 728.028261 952.96 752.35995
Person 954.24 704.3366219999999 975.36 751.7191469999999
Person 986.88 712.0202340000001 1006.72 752.35995
