Person 94.08 571.79279 152.96 684.36021
Person 224.0 501.43781000000007 281.6 667.73115
Person 302.72 514.2295 346.24 654.29967
Person 356.48 501.43781000000007 414.08 670.289625
Person 420.48 511.671025 469.12 675.40589
Person 482.56 512.950605 528.64 666.452255
Person 531.2 511.671025 581.12 676.6854700000001
Person 608.64 521.904925 670.08 666.452255
Person 661.12 556.442625 705.28 666.452255
Person 736.64 526.3820850000001 781.44 657.497935
Person 828.8 518.067555 867.84 631.274765
Person 933.76 549.4069900000001 962.56 663.89378
Person 966.4 523.18382 1000.96 666.452255
