Person 0.0 44.160192 78.08 131.84006399999998
Person 0.0 370.55980800000003 474.24 575.360064
Person 10.24 335.359872 42.88 378.240192
Person 25.6 0.0 191.36 103.04006400000002
Person 111.36 0.0 296.32 78.08025599999999
Person 230.4 0.0 316.8 39.040127999999996
Person 266.88 155.52 296.32 206.08012800000003
Person 334.08 0.0 406.4 40.32000000000001
Person 400.0 0.0 546.56 109.44
Person 494.08 0.0 731.52 131.84006399999998
Person 511.36 531.839808 529.92 575.360064
Person 545.28 135.68025599999999 572.8 163.199808
Person 547.84 0.6399360000000001 607.36 46.719936000000004
Person 566.4 0.0 846.08 152.96025600000002
Person 682.88 0.0 971.52 184.32
Person 766.08 0.0 1023.36 236.79993599999997
Person 791.04 0.6399360000000001 1023.36 226.559808
Person 792.32 348.159744 827.52 436.480128
Person 880.0 135.68025599999999 1023.36 291.840192
