Person 677.000192 476.00025600000004 762.999808 679.00032
Person 3.999744 546.0003839999999 28.999679999999998 648.999936
Person 17.999872 496.99968 46.999552 547.00032
Person 48.0 485.99961600000006 69.999616 553.9998720000001
Person 74.999808 495.99974399999996 103.000064 543.999744
Person 103.000064 500.00025600000004 140.99968 543.999744
Person 129.999872 495.99974399999996 152.99993600000002 551.000064
Person 161.999872 501.00019199999997 183.00006399999998 564.0
Person 190.999552 489.00019199999997 222.000128 577.9998720000001
Person 222.999552 496.99968 243.00032000000002 580.99968
Person 261.00019199999997 516.0 311.000064 620.000256
Person 316.000256 503.00006399999995 357.999616 618.0003839999999
Person 353.99987200000004 504.0 378.99980800000003 594.0003839999999
Person 378.000384 503.00006399999995 394.99980800000003 587.000064
Person 401.000448 495.99974399999996 453.00019199999997 612.999936
Person 448.0 483.99974399999996 474.000384 516.999936
Person 510.99955199999994 506.99980800000003 572.0002559999999 622.0001279999999
Person 565.9996160000001 477.00019199999997 584.999936 541.9998720000001
Person 625.999872 481.99987200000004 647.000064 516.999936
Person 757.9996160000001 495.99974399999996 780.99968 571.00032
Person 830.000128 485.99961600000006 910.0001279999999 671.000064
