Person 915.2 300.371076 990.72 530.9324280000001
Person 0.0 336.87615600000004 48.0 511.07864399999994
Person 24.96 343.28113199999996 88.96 484.82056800000004
Person 71.68 347.123844 122.88 484.82056800000004
Person 115.2 356.730624 161.28 483.539436
Person 141.44 353.528136 175.36 482.258304
Person 166.4 368.25875999999994 193.92 490.583952
Person 175.36 366.97762800000004 212.48 473.292432
Person 205.44 379.78621200000003 245.12 466.887456
Person 240.0 390.67412399999995 259.2 469.44972
Person 464.0 416.93288400000006 488.96 456.000228
Person 696.32 343.28113199999996 727.68 490.583952
Person 711.04 340.71886800000004 739.84 483.539436
Person 739.84 349.68542399999995 778.88 488.02237199999996
Person 756.48 356.730624 801.28 490.583952
Person 785.92 342.0 838.4 491.86508399999997
Person 830.08 348.404292 880.0 511.07864399999994
Person 872.32 329.19073199999997 927.36 519.404292
Person 977.28 304.21378799999997 1023.36 537.3374040000001
