Person 103.68 543.020225 114.56 559.009825
Person 134.4 378.00327500000003 145.92 406.785475
Person 147.2 435.5671 169.6 456.67420000000004
Person 160.64 375.44509999999997 173.44 404.226725
Person 194.56 331.95210000000003 219.52 353.0592
Person 223.36 424.05445 234.88 438.12585
Person 249.6 475.22254999999996 266.88 491.85212500000006
Person 250.88 307.00802500000003 265.6 322.99762499999997
Person 265.6 378.00327500000003 278.4 402.947925
Person 284.8 431.72955 293.12 451.557275
Person 287.36 452.83664999999996 309.76 484.177025
Person 358.4 438.12585 370.56 461.79112499999997
Person 432.0 465.628675 449.28 491.85212500000006
Person 694.4 456.67420000000004 715.52 468.18685
Person 776.96 550.0553500000001 795.52 564.12675
