Person 5.689344 260.39375 153.6 433.98981100000003
Person 125.155328 286.00625 170.667008 324.425
Person 183.46700800000002 283.160189 237.510656 327.27106100000003
Person 243.2 287.428939 285.867008 328.69375
Person 307.2 294.54375 401.067008 401.2625
Person 411.022336 310.196061 452.26700800000003 354.30625000000003
Person 459.377664 310.196061 492.08934400000004 361.421061
Person 483.55532800000003 314.464811 539.022336 387.033561
Person 536.1776639999999 327.27106100000003 583.110656 381.341439
Person 615.8223360000001 327.27106100000003 637.155328 350.03749999999997
Person 648.532992 328.69375 682.667008 372.803939
Person 698.310656 341.5 725.332992 361.421061
Person 723.9106559999999 340.077311 762.310656 367.1125
Person 762.310656 342.922689 789.332992 382.764811
Person 765.155328 331.539811 803.555328 359.997689
Person 967.1106560000001 297.389811 1022.577664 463.871061
