Person 25.09824 605.699072 33.46432 642.509824
Person 66.927616 607.372288 71.947264 629.124096
Person 118.797312 599.006208 123.81696000000001 632.4705280000001
Person 122.143744 612.391936 138.875904 679.320576
Person 130.509824 614.065152 165.64736000000002 684.340224
Person 189.072384 609.045504 197.43743999999998 644.18304
Person 234.248192 600.679424 254.32678399999998 699.3991679999999
Person 259.346432 609.045504 266.039296 639.163392
Person 343.006208 602.3526400000001 369.777664 704.417792
Person 396.54912 614.065152 418.300928 660.9152
Person 441.72595199999995 612.391936 455.11065599999995 649.202688
Person 460.130304 612.391936 470.1696 686.0134400000001
Person 483.55532800000003 607.372288 496.94105599999995 630.797312
Person 503.63392000000005 610.71872 508.65356799999995 632.4705280000001
Person 525.385728 612.391936 545.46432 659.241984
Person 553.8304 612.391936 580.6008320000001 669.28128
Person 588.966912 614.065152 620.758016 667.608064
Person 625.777664 607.372288 634.1437440000001 637.490176
Person 649.202688 610.71872 655.895552 657.568768
Person 672.627712 612.391936 677.6473599999999 647.5294719999999
Person 694.3795200000001 619.0848 707.764224 655.895552
Person 714.457088 607.372288 727.842816 664.2616320000001
Person 762.9803519999999 599.006208 771.346432 647.5294719999999
Person 774.692864 617.411584 793.09824 654.222336
Person 823.216128 604.025856 851.659776 731.189248
Person 871.7383679999999 612.391936 881.7776640000001 644.18304
Person 881.7776640000001 617.411584 888.470528 647.5294719999999
Person 973.8035199999999 620.758016 987.189248 652.54912
