Person 742.4 238.24746 836.48 402.842484
Person 3.2 290.764296 50.56 379.78621200000003
Person 53.12 302.932656 78.08 389.392992
Person 78.08 299.73016800000005 104.32 388.112544
Person 101.76 294.607008 129.28 385.55028
Person 118.4 297.168588 147.2 378.50576400000006
Person 139.52 304.21378799999997 163.2 374.66305199999994
Person 152.96 299.73016800000005 185.6 374.66305199999994
Person 239.36 302.932656 265.6 379.78621200000003
Person 328.32 294.607008 358.4 364.416048
Person 370.56 297.168588 410.88 365.696496
Person 470.4 258.101244 536.96 386.831412
Person 471.68 259.38169200000004 594.56 393.235704
Person 844.16 270.909828 864.0 356.730624
Person 853.12 263.224404 891.52 363.13491600000003
Person 880.64 263.224404 908.16 360.573336
Person 903.04 268.348248 935.68 365.696496
Person 921.6 268.348248 963.2 366.97762800000004
Person 956.8 254.25853200000003 988.16 365.696496
Person 986.88 248.494464 1023.36 377.22463199999993
