Person 59.52 579.84 68.48 600.96
Person 147.84 563.840256 152.96 577.280256
Person 174.08 629.76 186.24 655.359744
Person 240.64 618.24 250.88 647.04
Person 249.6 636.159744 260.48 660.48
Person 318.72 570.24 323.84 583.6800000000001
Person 417.92 533.76 421.76 546.560256
Person 417.92 590.079744 428.16 604.8
Person 430.72 546.560256 434.56 560.000256
Person 456.32 535.040256 461.44 547.839744
Person 477.44 613.119744 486.4 631.6800000000001
Person 547.2 568.959744 553.6 586.239744
Person 821.12 528.0 827.52 540.159744
