Person 897.5994880000001 614.4000000000001 974.4005119999999 756.800256
Person 103.999488 612.800256 209.600512 766.400256
Person 174.399488 110.39999999999999 316.8 284.799744
Person 206.399488 611.199744 327.999488 766.400256
Person 251.199488 11.199744 352.0 174.399744
Person 256.0 235.20000000000002 353.60051200000004 396.800256
Person 316.8 73.599744 524.8 368.00025600000004
Person 324.799488 615.999744 435.2 766.400256
Person 422.4 614.4000000000001 528.0 766.400256
Person 497.60051200000004 97.599744 734.400512 395.199744
Person 516.799488 620.7997439999999 652.8 766.400256
Person 640.0 27.200256000000003 792.000512 180.80025600000002
Person 670.400512 624.0 768.0 766.400256
Person 692.799488 233.600256 792.000512 396.800256
Person 713.6 126.39974399999998 848.0 284.799744
Person 782.400512 612.800256 894.4005119999999 766.400256
Person 963.2 113.60025600000002 1022.4005119999999 388.79999999999995
