Person 38.4 696.320256 157.44 767.360256
Person 52.48 651.519744 147.84 734.7202560000001
Person 133.12 524.16 156.16 560.000256
Person 161.28 738.560256 228.48 767.360256
Person 212.48 704.000256 248.32 763.520256
Person 219.52 440.96025599999996 231.04 474.24
Person 231.04 730.880256 306.56 767.360256
Person 247.04 449.91974400000004 266.88 478.08000000000004
Person 255.36 433.280256 268.16 462.08025599999996
Person 316.16 700.160256 338.56 722.559744
Person 346.24 718.719744 399.36 767.360256
Person 369.92 666.8797440000001 394.24 711.039744
Person 387.2 581.1202559999999 403.2 636.800256
Person 389.76 472.959744 405.76 517.760256
Person 394.24 738.560256 433.92 767.360256
Person 437.76 680.319744 462.72 767.360256
Person 449.28 687.999744 485.12 763.520256
Person 478.72 460.79999999999995 497.28 501.75974399999996
Person 494.72 469.76025599999997 506.24 508.160256
Person 499.2 709.119744 647.04 767.360256
Person 518.4 472.959744 528.64 512.64
Person 534.4 476.799744 549.76 513.920256
Person 574.08 481.91999999999996 589.44 521.600256
Person 585.6 484.479744 597.76 517.760256
Person 627.84 488.319744 636.16 528.0
Person 636.16 444.800256 640.0 480.63974399999995
Person 647.68 444.800256 657.28 476.799744
Person 663.68 480.63974399999995 675.84 521.600256
Person 672.0 444.800256 680.96 476.799744
Person 693.12 497.91974400000004 708.48 537.5999999999999
Person 712.96 512.64 732.8 552.320256
Person 743.04 512.64 766.72 557.439744
Person 746.88 478.08000000000004 756.48 509.43974399999996
Person 764.16 472.959744 772.48 512.64
Person 775.04 516.48 791.04 557.439744
Person 794.88 474.24 810.88 516.48
Person 803.84 520.3199999999999 816.0 563.840256
Person 830.72 529.280256 851.84 568.959744
Person 835.84 476.799744 843.52 504.320256
Person 858.24 469.76025599999997 878.08 505.599744
Person 870.4 537.5999999999999 890.24 588.800256
Person 887.04 465.920256 899.2 516.48
Person 899.2 533.76 913.92 581.1202559999999
Person 915.2 480.63974399999995 925.44 517.760256
Person 917.76 532.479744 922.88 568.959744
Person 931.2 517.760256 941.44 560.000256
Person 933.76 484.479744 945.28 508.160256
Person 942.72 512.64 949.76 547.839744
Person 954.88 496.640256 962.56 547.839744
Person 969.6 505.599744 982.4 545.28
Person 982.4 494.079744 993.28 528.0
Person 997.12 480.63974399999995 1013.12 520.3199999999999
Person 1014.4 472.959744 1023.36 509.43974399999996
