Person 335.56992 202.999346 407.29497599999996 304.178138
Person 0.0 207.48145000000002 62.758912 311.86291400000005
Person 17.931264000000002 208.762246 37.783552 240.141066
Person 36.502528000000005 221.57020599999998 145.371136 322.74899800000003
Person 44.187647999999996 185.068884 100.542464 230.535096
Person 77.488128 174.182118 126.79884799999999 246.544364
Person 130.00089599999998 182.507292 154.336256 216.447022
Person 185.075712 216.447022 285.618176 318.90729200000004
Person 200.444928 174.182118 245.2736 215.16622599999997
Person 259.361792 169.058934 302.90944 226.692708
Person 311.87456000000003 163.93643200000002 361.826304 230.535096
Person 363.107328 158.813248 418.18112 233.737086
Person 438.033408 167.778138 461.72876799999995 215.16622599999997
Person 457.885696 167.778138 477.097984 201.71855
Person 474.53695999999997 167.778138 507.83744 202.999346
Person 494.38924800000007 182.507292 555.8671360000001 227.97350399999996
Person 519.364608 135.119204 560.350208 210.043042
Person 548.18304 141.52318400000001 579.562496 194.033774
Person 555.8671360000001 188.91058999999998 645.523456 274.080796
Person 558.429184 149.207278 610.9419519999999 226.692708
Person 580.84352 144.08477599999998 604.5378559999999 191.47218200000003
Person 626.952192 240.141066 1023.36 681.3596020000001
Person 646.80448 197.876162 743.504896 267.67681600000003
Person 671.77984 170.33973 712.12544 220.28941000000003
Person 709.563392 169.058934 744.78592 221.57020599999998
Person 718.529536 171.620526 771.0423040000001 235.01788200000004
Person 744.78592 187.629794 818.432 262.55431400000003
Person 867.1016960000001 187.629794 923.4575359999999 252.948344
Person 943.309824 201.71855 1015.03488 292.651656
