Person 554.24 438.39974400000006 625.92 536.960256
Person 126.08 311.04 201.6 349.44
Person 169.6 286.08 218.88 315.519744
Person 190.72 283.520256 229.12 315.519744
Person 264.96 365.439744 305.92 393.59999999999997
Person 304.64 262.400256 321.92 283.520256
Person 336.64 267.519744 384.0 282.24
Person 356.48 258.560256 380.16 271.359744
Person 357.76 337.92 401.28 381.44025600000003
Person 429.44 375.03974400000004 470.4 440.96025599999996
Person 439.04 584.960256 648.96 722.559744
Person 462.72 366.71999999999997 504.96 398.72025600000006
Person 495.36 321.920256 535.04 349.44
Person 528.0 323.199744 542.72 350.720256
Person 536.32 339.200256 562.56 365.439744
Person 592.0 315.519744 609.92 337.92
Person 611.84 318.080256 625.92 345.6
Person 627.2 361.599744 645.76 405.12
Person 638.08 422.40000000000003 675.2 458.24025600000004
Person 661.76 318.080256 675.2 366.71999999999997
Person 671.36 377.600256 697.6 410.24025600000004
Person 693.76 410.24025600000004 722.56 460.79999999999995
Person 700.8 355.20000000000005 732.8 385.280256
Person 705.28 309.759744 721.28 330.87974399999996
Person 717.44 393.59999999999997 741.12 428.799744
Person 728.32 339.200256 778.88 365.439744
Person 791.04 341.76 822.4 394.88025600000003
Person 807.68 462.08025599999996 874.24 552.320256
Person 826.24 349.44 842.24 397.43999999999994
Person 830.72 366.71999999999997 863.36 410.24025600000004
Person 864.0 335.36025600000005 889.6 378.87974399999996
Person 867.2 397.43999999999994 890.24 449.91974400000004
Person 895.36 422.40000000000003 925.44 480.63974399999995
Person 907.52 325.760256 935.68 361.599744
Person 951.68 329.600256 964.48 369.279744
Person 984.32 381.44025600000003 1000.32 428.799744
Person 992.64 341.76 1016.32 377.600256
