Person 0.64 469.76025599999997 52.48 521.600256
Person 58.88 463.359744 128.0 515.199744
Person 142.08 460.79999999999995 193.92 504.320256
Person 213.76 458.24025600000004 254.72 508.160256
Person 261.12 460.79999999999995 302.08 508.160256
Person 310.4 460.79999999999995 347.52 508.160256
Person 348.8 460.79999999999995 407.04 512.64
Person 409.6 448.640256 445.44 512.64
Person 428.16 462.08025599999996 466.56 508.160256
Person 440.96 474.24 557.44 625.92
Person 560.0 454.400256 599.68 521.600256
Person 593.28 451.20000000000005 677.76 521.600256
Person 640.64 467.199744 758.4 681.5999999999999
Person 750.72 446.079744 830.08 522.8797440000001
Person 843.52 449.91974400000004 935.68 607.359744
Person 923.52 441.59999999999997 983.04 504.320256
