Person 189.44 207.396365 232.32 336.05922200000003
Person 244.48 212.51749900000002 280.96 337.339164
Person 284.8 257.325031 300.8 337.339164
Person 294.4 241.322341 309.76 273.968375
Person 300.8 267.567299 325.76 334.778597
Person 307.2 238.761774 324.48 281.00942200000003
Person 327.04 234.921265 353.28 326.457608
Person 350.72 237.481832 378.24 327.73755
Person 378.24 231.080756 400.64 302.773217
Person 398.08 238.761774 417.28 296.37214100000006
Person 417.28 232.360698 435.84 305.97375500000004
Person 438.4 241.322341 467.2 330.938088
Person 472.96 228.52018900000002 505.6 333.49865500000004
Person 517.12 217.63795 574.72 332.21803
Person 572.16 253.48452200000003 583.04 320.056532
Person 588.16 256.04508899999996 611.84 337.339164
Person 609.28 242.602966 641.92 336.05922200000003
Person 664.32 247.72341699999998 688.0 320.056532
