Person 2.56 346.880256 120.96 541.4399999999999
Person 70.4 353.919744 129.92 422.40000000000003
Person 133.76 355.20000000000005 215.04 525.440256
Person 138.24 361.599744 189.44 454.400256
Person 190.72 359.04 237.44 405.12
Person 229.12 365.439744 294.4 520.3199999999999
Person 280.96 357.759744 337.92 484.479744
Person 380.16 339.200256 417.28 458.24025600000004
Person 411.52 362.88 476.8 567.680256
Person 443.52 330.87974399999996 479.36 438.39974400000006
Person 483.2 346.880256 530.56 489.59999999999997
Person 544.0 357.759744 592.0 576.0
Person 598.4 350.720256 647.04 449.91974400000004
Person 677.76 341.76 709.12 543.999744
Person 682.88 345.6 746.24 579.84
Person 742.4 357.759744 774.4 397.43999999999994
Person 805.76 355.20000000000005 833.92 397.43999999999994
Person 814.08 350.720256 872.32 489.59999999999997
Person 857.6 346.880256 915.84 446.079744
Person 933.12 337.92 1015.04 512.64
