Person 20.48 208.87232799999998 33.92 261.410737
Person 35.2 217.842167 56.32 244.11171300000004
Person 56.32 207.59102 79.36 247.955637
Person 69.12 213.998243 94.08 257.566813
Person 91.52 213.998243 108.8 246.674329
Person 94.08 341.5 112.64 388.912494
Person 119.04 211.434944 145.28 247.955637
Person 120.32 340.218692 149.12 385.06857
Person 571.52 227.45334300000002 579.2 251.15959
Person 587.52 232.57857500000003 605.44 253.72220600000003
Person 597.76 356.23640800000004 613.76 382.505271
Person 607.36 223.60873600000002 626.56 256.285505
Person 609.92 351.75114700000006 626.56 381.223963
Person 622.72 232.57857500000003 636.16 256.285505
Person 655.36 228.734651 666.24 255.00351399999997
Person 687.36 223.60873600000002 704.0 255.00351399999997
Person 800.0 224.89004400000002 817.28 255.00351399999997
Person 830.08 351.75114700000006 846.08 378.02069300000005
