Person 19.2 396.94052400000004 66.56 485.93209200000007
Person 125.44 420.629166 175.36 526.906344
Person 276.48 254.81002800000005 325.12 300.90657
Person 300.16 429.592326 355.2 526.906344
Person 430.08 421.90923000000004 467.84 538.43031
Person 470.4 269.53551 519.04 298.345764
Person 497.92 421.90923000000004 557.44 526.266312
Person 625.28 281.059476 664.96 315.632052
Person 659.84 399.50133000000005 720.0 508.339992
Person 741.12 293.223474 785.28 374.532624
Person 891.52 411.02529599999997 966.4 501.937638
Person 937.6 320.753664 988.8 377.09343
