Person 401.9968 281.52828000000005 473.984 348.67404
Person 475.60192 277.483536 528.177152 346.24735200000003
Person 658.4012799999999 617.2586640000001 688.328704 664.1799120000001
Person 666.4898559999999 692.4947040000001 698.0352 720.0000719999999
Person 706.9317120000001 564.6738240000001 754.654208 614.831184
Person 706.9317120000001 668.2246560000001 757.080064 720.0000719999999
Person 753.036288 558.202392 805.61152 613.213128
Person 757.080064 619.685352 778.1109759999999 656.899056
Person 770.83136 628.584264 791.861248 660.9438
Person 783.772672 617.2586640000001 809.655296 664.1799120000001
Person 816.125952 672.2694 867.0832640000001 715.955328
