Person 75.52 522.66683 101.76 587.359374
Person 105.6 520.10462 122.88 584.797164
Person 121.6 527.150526 145.28 586.078612
Person 146.56 528.431288 165.12 587.359374
Person 209.28 525.2290399999999 224.0 580.9541919999999
Person 231.68 527.150526 255.36 577.7519440000001
Person 252.8 525.2290399999999 272.64 580.9541919999999
Person 301.44 530.993498 311.68 573.908286
Person 318.72 527.150526 331.52 566.2223419999999
Person 346.24 528.431288 350.08 562.37937
Person 356.48 530.993498 366.72 554.69274
Person 381.44 532.27426 389.12 559.8171600000001
Person 401.28 523.947592 406.4 554.69274
Person 406.4 541.2416519999999 432.64 600.1697379999999
Person 420.48 537.39868 435.2 572.627524
Person 433.92 487.437986 440.32 525.2290399999999
Person 448.0 536.117918 471.68 592.4837940000001
Person 455.04 502.16983600000003 461.44 527.150526
