Person 24.96 446.043186 47.36 485.13637800000004
Person 33.28 414.000207 60.8 501.158178
Person 44.8 443.47969800000004 92.16 488.98161000000005
Person 88.32 358.88521499999996 112.0 406.30974299999997
Person 102.4 452.45190599999995 126.08 497.312946
Person 127.36 447.32493 172.16 497.312946
Person 151.04 456.29713799999996 199.68 490.263354
Person 199.68 463.987602 234.88 508.848021
Person 248.32 353.758239 273.28 392.210559
Person 278.4 353.758239 295.68 401.182767
Person 363.52 389.647071 383.36 437.71184999999997
Person 456.96 503.721045 478.08 540.250749
Person 475.52 508.848021 503.04 553.709061
Person 485.76 364.653063 513.28 424.895031
Person 529.28 419.768055 551.68 472.318938
Person 559.36 383.879223 584.32 433.866618
Person 648.32 535.1237729999999 673.28 576.139581
Person 746.88 505.00278899999995 790.4 571.6534770000001
Person 950.4 405.027999 969.6 461.424114
