Person 76.8375 632.889344 113.833561 722.4893440000001
Person 129.485189 635.732992 160.78981100000001 675.555328
Person 192.09375 628.622336 221.975 679.8223360000001
Person 226.24375 634.310656 251.85625000000002 719.644672
Person 305.92731100000003 635.732992 340.077311 726.7553280000001
Person 387.033561 620.0893440000001 415.491439 688.355328
Person 435.41249999999997 614.4 452.4875 675.555328
Person 473.83125 635.732992 499.44374999999997 702.5776639999999
Person 556.360189 611.555328 586.241439 669.867008
Person 641.735189 601.6 670.19375 665.6
