Person 96.64 538.85762 113.92 572.816777
Person 186.24 551.671926 208.64 591.397594
Person 272.64 606.7752009999999 293.76 664.4417770000001
Person 595.2 554.235227 622.72 588.1943839999999
Person 620.16 629.2013360000001 650.24 695.196991
Person 696.32 547.828074 714.88 586.9123669999999
Person 698.88 629.2013360000001 725.12 691.9930479999999
Person 843.52 646.500869 868.48 715.700467
Person 896.0 630.48262 923.52 689.429747
Person 945.92 620.2308820000001 967.68 675.334157
Person 978.56 614.464371 999.68 664.4417770000001
