Person 201.6 584.0 243.2 633.6
Person 254.399488 596.8 294.4 638.4000000000001
Person 297.6 588.8000000000001 318.39948799999996 638.4000000000001
Person 364.8 528.0 398.39948799999996 572.8
Person 519.999488 520.0 606.400512 638.4000000000001
Person 606.400512 534.4 647.999488 601.5999999999999
Person 622.400512 515.2 664.000512 588.8000000000001
Person 668.8 494.4 816.0 612.8
Person 771.2 457.59999999999997 806.4 524.8
Person 811.200512 470.4 915.2 600.0
Person 860.8 395.20000000000005 935.999488 454.4
Person 910.4005119999999 475.20000000000005 1022.4005119999999 595.2
Person 935.999488 379.20000000000005 964.7994880000001 428.8
