Person 378.399744 278.4 476.8 549.5999999999999
Person 0.0 324.0 36.799488000000004 618.399744
Person 26.399744000000002 321.6 55.199743999999995 390.39974400000006
Person 66.400256 305.600256 86.4 387.99974399999996
Person 100.800512 309.6 130.400256 414.39974400000006
Person 143.200256 302.4 175.200256 382.400256
Person 192.799744 321.6 207.200256 370.400256
Person 202.399744 315.99974399999996 256.799744 425.60025599999994
Person 332.8 312.0 372.799488 368.00025600000004
Person 372.799488 310.400256 396.8 330.399744
Person 463.20025599999997 322.400256 532.799488 478.400256
Person 494.39948799999996 269.600256 535.199744 432.0
Person 566.4 254.39999999999998 668.8 582.399744
Person 870.4 270.399744 908.8 342.399744
Person 990.4005119999999 276.0 1022.4005119999999 363.99974399999996
