Person 91.52 390.39974400000006 135.68 488.319744
Person 143.36 540.159744 181.76 692.480256
Person 190.72 588.800256 262.4 767.360256
Person 210.56 375.03974400000004 246.4 468.48
Person 261.12 485.76 312.32 655.359744
Person 316.8 663.039744 376.32 763.520256
Person 320.64 508.160256 353.92 565.119744
Person 353.92 524.16 384.0 576.0
Person 365.44 545.28 413.44 718.719744
Person 413.44 465.920256 463.36 573.440256
Person 439.68 453.12 468.48 505.599744
Person 456.96 591.999744 508.16 723.84
Person 468.48 428.799744 510.72 489.59999999999997
Person 476.8 474.24 512.64 568.959744
Person 504.32 520.3199999999999 554.88 584.960256
Person 515.2 454.400256 547.84 505.599744
Person 515.2 576.0 574.72 746.240256
Person 563.84 449.91974400000004 611.84 588.800256
Person 625.92 464.64 676.48 601.599744
Person 701.44 524.16 734.72 639.36
Person 741.12 604.8 780.8 750.72
Person 836.48 543.999744 881.28 647.04
Person 853.76 492.800256 892.16 557.439744
Person 883.84 516.48 933.12 647.04
Person 917.12 607.359744 967.04 755.840256
Person 933.12 494.079744 979.2 560.000256
Person 940.8 561.2797439999999 992.64 628.479744
