Person 865.28 389.5531480000001 917.12 526.025427
Person 37.76 403.00824800000004 76.16 521.540166
Person 77.44 395.31971699999997 101.12 525.384773
Person 97.28 394.038409 127.36 516.4149339999999
Person 131.2 403.00824800000004 179.84 529.228697
Person 174.72 395.31971699999997 198.4 524.103465
Person 199.68 397.88301600000005 234.88 525.384773
Person 229.76 395.31971699999997 246.4 529.228697
Person 238.72 395.31971699999997 278.4 525.384773
Person 268.8 391.475793 317.44 527.9473889999999
Person 320.0 407.49350899999996 344.96 525.384773
Person 344.96 406.212201 375.04 524.103465
Person 378.88 397.88301600000005 416.0 537.5578820000001
Person 422.4 399.16432399999997 453.76 533.073304
Person 457.6 394.038409 497.28 527.9473889999999
Person 497.28 391.475793 518.4 527.9473889999999
Person 522.24 397.88301600000005 581.12 533.073304
Person 569.6 399.16432399999997 599.68 525.384773
Person 595.84 394.038409 632.32 531.7919959999999
Person 628.48 399.16432399999997 679.68 531.7919959999999
Person 656.0 395.31971699999997 679.68 513.851635
Person 691.2 397.88301600000005 718.72 527.9473889999999
Person 721.92 397.88301600000005 772.48 525.384773
Person 782.08 397.88301600000005 819.84 529.228697
Person 823.68 394.038409 848.64 533.073304
Person 938.24 387.631186 986.88 525.384773
