Person 739.84 300.79987200000005 784.0 410.239872
Person 0.0 266.879808 65.28 434.559744
Person 15.36 295.67980800000004 112.64 423.039744
Person 90.24 293.120064 151.68 428.159808
Person 146.56 282.24 188.8 417.92025600000005
Person 170.24 303.360192 201.6 407.04019200000005
Person 196.48 303.360192 240.0 413.440128
Person 199.04 309.760128 211.2 408.320064
Person 230.4 295.67980800000004 271.36 420.48
Person 272.64 316.8 296.32 407.04019200000005
Person 286.08 319.359744 322.56 407.04019200000005
Person 321.28 307.19980799999996 352.64 412.16025600000006
Person 341.12 308.480256 359.04 403.2
Person 361.6 316.8 380.16 405.75974399999996
Person 380.16 351.999936 398.72 403.2
Person 490.88 293.120064 518.4 408.96
Person 514.56 304.00012799999996 544.64 408.96
Person 540.8 307.83974399999994 565.76 407.680128
Person 567.04 307.83974399999994 595.84 404.479872
Person 589.44 302.720256 623.36 414.080064
Person 636.8 312.95980799999995 645.76 403.2
Person 643.2 277.75987200000003 670.72 425.60006400000003
Person 675.84 301.439808 700.8 406.400256
Person 694.4 302.720256 728.32 408.96
Person 795.52 298.24012799999997 830.72 411.519744
Person 817.28 302.720256 864.64 410.239872
Person 851.84 301.439808 884.48 410.239872
Person 862.08 277.75987200000003 938.24 420.48
Person 912.0 307.83974399999994 955.52 411.519744
Person 956.8 293.120064 1023.36 424.32019199999996
Person 961.92 334.08 992.0 390.400128
