Person 196.48 388.912494 257.28 522.18082
Person 0.0 407.49350899999996 116.48 547.809712
Person 57.6 386.349878 132.48 529.228697
Person 375.04 397.88301600000005 438.4 517.696242
Person 469.76 261.410737 532.48 401.72694
Person 536.32 283.83567600000003 572.16 338.93738399999995
Person 561.28 281.27306 638.72 397.88301600000005
Person 572.16 367.769546 652.16 501.67852600000003
Person 628.48 312.66783799999996 656.0 399.16432399999997
Person 674.56 347.90722300000004 691.2 387.631186
Person 687.36 316.51244499999996 762.24 476.690288
Person 709.76 279.99175199999996 768.64 375.45807699999995
