Person 0.0 442.23974400000003 49.28 487.040256
Person 0.0 475.520256 108.8 747.519744
Person 1.28 377.600256 14.72 398.72025600000006
Person 3.84 403.839744 33.28 444.800256
Person 18.56 371.840256 59.52 411.519744
Person 38.4 423.680256 104.32 494.079744
Person 84.48 454.400256 165.76 603.519744
Person 106.24 568.959744 236.8 760.959744
Person 111.36 439.68 197.12 517.760256
Person 169.6 458.24025600000004 214.4 524.16
Person 170.88 506.88 241.92 545.28
Person 174.72 531.84 279.04 682.880256
Person 179.84 407.679744 289.92 478.08000000000004
Person 247.68 448.640256 311.04 519.039744
Person 264.96 522.8797440000001 376.96 672.639744
Person 267.52 625.92 338.56 743.679744
Person 272.64 487.040256 346.88 565.119744
Person 334.72 535.040256 415.36 712.3199999999999
Person 369.28 485.76 414.08 531.84
Person 380.8 595.839744 540.8 767.360256
Person 439.04 550.400256 535.68 664.3199999999999
Person 460.16 723.84 544.0 760.959744
Person 506.88 563.840256 535.68 608.64
Person 518.4 622.08 644.48 738.560256
Person 535.68 695.04 674.56 762.24
Person 544.0 556.160256 554.24 591.36
Person 558.08 581.1202559999999 606.08 624.639744
Person 571.52 513.920256 684.16 581.1202559999999
Person 606.08 540.159744 666.88 620.7997439999999
Person 652.16 602.240256 773.76 758.4000000000001
Person 744.96 659.199744 817.28 737.28
Person 773.76 695.04 902.4 764.7997439999999
Person 778.88 597.12 829.44 664.3199999999999
Person 888.96 629.76 972.16 762.24
Person 940.8 687.999744 1023.36 767.360256
