Person 622.08 299.52 677.76 461.43974399999996
Person 45.44 289.92 62.72 368.00025600000004
Person 72.32 279.680256 92.16 359.04
Person 89.6 287.36025600000005 112.0 359.04
Person 119.68 396.159744 270.72 655.359744
Person 163.2 283.520256 187.52 355.20000000000005
Person 195.2 274.56 217.6 340.479744
Person 259.84 262.400256 274.56 311.04
Person 277.12 286.08 327.68 414.72
Person 336.64 283.520256 371.2 381.44025600000003
Person 376.32 278.4 416.0 345.6
Person 459.52 259.839744 478.08 289.92
Person 476.8 274.56 494.08 325.760256
Person 610.56 259.839744 626.56 312.320256
Person 670.08 327.03974400000004 770.56 573.440256
Person 683.52 272.64 698.88 341.76
Person 729.6 308.480256 775.68 488.319744
Person 750.72 329.600256 858.88 606.080256
Person 758.4 289.92 794.24 442.23974400000003
Person 795.52 277.119744 826.24 364.160256
Person 863.36 288.63974399999995 904.32 467.199744
Person 926.72 302.079744 956.8 442.23974400000003
Person 947.84 308.480256 990.08 508.160256
Person 982.4 308.480256 1015.04 458.24025600000004
