Person 0.0 475.663265 61.730816000000004 610.0108839999999
Person 4.539391999999999 608.1952379999999 59.915264 678.092177
Person 61.730816000000004 472.031973 115.29113600000001 667.19898
Person 86.24128 481.1095240000001 137.986048 678.092177
Person 86.24128 365.82482999999996 142.524416 489.279252
Person 145.248256 374.90238100000005 181.56032 501.08027200000004
Person 155.234304 481.1095240000001 204.255232 678.092177
Person 167.03590400000002 399.41156500000005 206.979072 492.91054399999996
Person 203.34796799999998 486.55646199999995 263.262208 678.092177
Person 204.255232 385.795578 244.1984 507.43435400000004
Person 244.1984 362.19353800000005 287.772672 507.43435400000004
Person 265.07776 468.40136 342.24127999999996 676.276531
Person 284.141568 368.54829900000004 322.269184 503.80374099999995
Person 324.99302400000005 576.42347 380.368896 678.092177
Person 333.16352 363.101361 367.660032 498.35680299999996
Person 342.24127999999996 481.1095240000001 400.339968 665.384013
Person 367.660032 362.19353800000005 405.787648 500.17244900000003
Person 387.631104 514.696259 437.56032000000005 678.092177
Person 405.787648 359.470748 445.730816 502.895918
Person 434.83648 529.220748 474.77964800000007 674.461564
Person 437.56032000000005 455.69251699999995 502.92224000000004 531.943538
Person 457.532416 370.363945 479.31904000000003 463.86224500000003
Person 465.701888 482.017347 552.851456 678.092177
Person 472.05683200000004 376.718027 508.368896 478.386055
Person 503.829504 384.88775499999997 542.865408 481.1095240000001
Person 520.170496 469.308504 541.049856 529.220748
Person 543.772672 371.271089 578.269184 481.1095240000001
Person 543.772672 484.740816 676.312064 678.092177
Person 561.020928 466.58571399999994 621.84448 591.855782
Person 579.177472 439.353061 590.070784 469.308504
Person 595.5174400000001 442.983674 607.3190400000001 465.677891
Person 619.1206400000001 397.59659800000003 655.4327040000001 481.1095240000001
Person 620.936192 454.784694 669.95712 538.298299
Person 668.141568 383.979932 705.36192 499.264626
Person 679.943168 365.82482999999996 701.730816 423.013605
Person 711.7158400000001 389.42619099999996 746.212352 495.634013
Person 714.43968 489.279252 773.446656 659.937075
Person 744.3968 452.96904800000004 806.127616 568.253742
Person 746.212352 408.489116 762.553344 449.33843499999995
Person 759.829504 432.091156 793.4187519999999 489.279252
Person 768.9072639999999 366.732653 846.070784 417.566667
Person 773.446656 391.24183700000003 819.744768 519.235374
Person 790.694912 523.7738099999999 839.7158400000001 675.3687080000001
Person 822.467584 364.009184 844.255232 421.197959
Person 839.7158400000001 452.061225 908.7088640000001 646.3210879999999
Person 901.4466560000001 507.43435400000004 972.255232 646.3210879999999
Person 906.8933119999999 580.0547620000001 1023.092736 668.106803
Person 937.7587199999999 366.732653 986.7796480000001 440.260884
