Person 175.200256 439.742006 238.399488 554.075214
Person 179.999744 277.4376 240.0 381.376446
Person 227.999744 282.23478800000004 296.800256 382.975054
Person 240.0 179.89454999999998 260.799488 247.854486
Person 243.999744 450.13568599999996 309.600256 523.6927959999999
Person 260.799488 180.693854 285.599744 232.66361799999999
Person 721.599488 443.73989 819.2 561.2709960000001
Person 756.799488 176.69665200000003 788.799488 249.45377599999998
Person 784.799744 153.510016 820.799488 245.455892
Person 784.799744 454.13357 857.6 551.67662
