Person 97.00044799999999 350.000154 190.999552 671.999751
Person 138.000384 282.999708 222.000128 511.000353
Person 215.000064 363.000384 298.99980800000003 666.999909
Person 238.999552 300.000132 328.999936 450.00019799999995
Person 309.00019199999997 355.99964399999993 408.000512 675.0002969999999
Person 320.0 216.99971100000002 410.99980800000003 370.999971
Person 387.00032000000004 505.99971 478.99955199999994 721.999773
Person 405.999616 289.999647 490.000384 566.999865
Person 462.000128 209.99977199999998 549.000192 516.9998429999999
Person 490.99980800000003 509.999904 586.0003839999999 737.0001
Person 549.000192 355.99964399999993 659.00032 605.0001060000001
Person 551.000064 286.999902 636.0002559999999 421.999641
Person 604.99968 252.00020700000002 679.999488 386.999946
Person 657.000448 384.000201 757.000192 664.999812
Person 686.999552 286.999902 785.999872 504.00041400000003
Person 778.0003839999999 245.00026799999998 853.000192 432.999774
Person 794.0003839999999 366.99977700000005 878.0001279999999 673.9998479999999
Person 867.999744 318.000204 926.0001279999999 612.000045
