Person 25.6 520.8 41.6 554.4000000000001
Person 207.200256 461.60025599999994 224.799744 489.59999999999997
Person 220.000256 454.400256 233.6 480.800256
Person 242.400256 420.800256 259.999744 448.79999999999995
Person 270.39948799999996 408.0 282.399744 429.59999999999997
Person 338.400256 434.40000000000003 354.400256 454.400256
Person 340.799488 459.99974399999996 365.599744 483.99974399999996
Person 371.2 416.00025600000004 388.799488 445.599744
Person 389.600256 356.00025600000004 397.599744 373.599744
Person 390.4 396.0 405.600256 413.60025599999994
Person 392.800256 476.00025600000004 404.799488 509.60025599999994
Person 396.000256 413.60025599999994 409.6 435.99974399999996
Person 406.4 406.400256 421.60025599999994 437.60025599999994
Person 477.59974400000004 421.599744 489.6 446.40000000000003
Person 481.60051200000004 485.60025599999994 497.60051200000004 512.000256
Person 521.6 450.39974400000006 541.599744 481.599744
Person 542.400512 442.400256 554.399744 470.40000000000003
Person 604.0002559999999 399.99974399999996 617.6 429.59999999999997
Person 625.599488 408.0 640.0 437.60025599999994
Person 636.8 478.400256 652.8 516.0
Person 737.599488 576.800256 758.4 614.4000000000001
Person 764.8 445.599744 780.8 473.60025599999994
Person 784.799744 450.39974400000006 796.8 482.40000000000003
Person 819.9997440000001 372.800256 829.599744 395.199744
Person 921.6 397.599744 935.999488 426.39974400000006
