Person 0.0 604.8 62.72 727.6800000000001
Person 50.56 675.2002560000001 172.16 767.360256
Person 59.52 615.680256 192.0 733.4399999999999
Person 157.44 593.28 229.12 718.719744
Person 221.44 655.359744 362.88 767.360256
Person 236.8 591.999744 303.36 673.92
Person 291.2 366.71999999999997 369.28 434.559744
Person 318.72 614.4000000000001 464.64 767.360256
Person 473.6 362.88 517.12 435.84000000000003
Person 489.6 591.999744 554.24 702.72
Person 514.56 594.560256 593.92 720.0
Person 533.12 590.079744 673.28 760.959744
Person 641.92 369.279744 682.88 424.959744
Person 673.28 672.639744 803.2 766.08
Person 702.72 583.6800000000001 763.52 632.960256
Person 712.96 615.680256 780.8 679.040256
Person 741.12 702.72 869.12 767.360256
Person 742.4 627.2002560000001 851.84 720.0
Person 775.04 602.240256 856.32 660.48
Person 869.12 608.64 958.08 767.360256
Person 898.56 616.959744 1023.36 767.360256
