Person 439.68 209.346335 480.64 300.25517
Person 10.24 204.224529 88.96 352.111466
Person 96.64 199.743233 355.2 285.530262
Person 359.04 209.346335 384.0 273.366636
Person 401.28 199.743233 427.52 275.92753899999997
Person 421.12 210.626597 447.36 280.408835
Person 513.92 199.743233 541.44 275.92753899999997
Person 536.32 204.224529 556.16 269.52547100000004
Person 562.56 193.341165 584.96 272.085995
Person 595.2 209.346335 617.6 275.92753899999997
Person 628.48 197.18233 810.88 269.52547100000004
Person 821.12 204.224529 928.64 248.398495
