Person 0.0 469.76025599999997 83.84 766.08
Person 12.16 476.799744 83.84 682.880256
Person 83.84 446.079744 163.2 572.16
Person 118.4 485.76 234.88 620.7997439999999
Person 122.24 540.159744 391.68 767.360256
Person 258.56 437.120256 385.28 540.159744
Person 316.8 505.599744 503.04 767.360256
Person 444.8 449.91974400000004 560.0 723.84
Person 491.52 599.679744 748.16 767.360256
Person 508.16 428.799744 661.76 616.959744
Person 635.52 509.43974399999996 830.08 704.000256
Person 780.8 405.12 913.28 632.960256
Person 971.52 469.76025599999997 1023.36 679.040256
