Person 115.2 679.999488 135.99948799999999 728.000512
Person 167.99948799999999 640.0 196.800512 679.999488
Person 231.99948799999999 675.2 252.8 705.599488
Person 241.600512 603.200512 292.799488 664.000512
Person 268.8 675.2 294.4 760.000512
Person 379.200512 774.4 401.60051200000004 816.0
Person 401.60051200000004 705.599488 425.6 807.999488
Person 455.999488 713.6 496.0 803.2
Person 460.8 819.2 504.000512 852.7994880000001
Person 516.799488 711.999488 579.2 825.6
Person 569.6 825.6 598.4 867.2
Person 715.200512 523.200512 928.0 908.8
