Person 251.52 365.439744 292.48 489.59999999999997
Person 30.08 396.800064 111.36 531.839808
Person 46.72 295.67980800000004 147.84 439.03987200000006
Person 88.96 391.68 191.36 541.4399999999999
Person 108.8 293.120064 163.84 398.079936
Person 163.84 281.60006400000003 218.88 414.080064
Person 184.32 366.720192 255.36 542.7198719999999
Person 191.36 301.439808 227.84 355.20019199999996
Person 211.84 332.80012800000003 240.0 376.95974399999994
Person 211.84 307.83974399999994 261.76 364.15987200000006
Person 256.64 309.120192 304.0 368.000064
Person 275.2 426.879936 366.72 549.119808
Person 281.6 298.24012799999997 361.6 433.919808
Person 332.8 425.60006400000003 371.2 491.519808
Person 336.64 310.40006400000004 369.28 416.639808
Person 369.28 424.32019199999996 445.44 549.119808
Person 372.48 319.359744 432.64 445.439808
Person 385.28 365.439744 462.72 479.35987199999994
Person 424.96 319.359744 460.16 362.88
Person 426.24 305.28000000000003 497.92 387.83980799999995
Person 428.8 265.599936 480.0 337.92019200000004
Person 436.48 430.720128 517.76 545.280192
Person 441.6 374.40000000000003 511.36 464.00025600000004
Person 486.4 302.720256 546.56 417.92025600000005
Person 488.96 271.99987200000004 520.32 351.999936
Person 499.2 398.079936 557.44 538.8802559999999
Person 542.72 310.40006400000004 583.68 371.840256
Person 551.68 373.12012799999997 647.68 551.680128
Person 552.96 321.920064 617.6 425.60006400000003
Person 605.44 337.92019200000004 692.48 519.039936
Person 634.88 270.71999999999997 668.8 345.59999999999997
Person 650.24 310.40006400000004 689.92 390.400128
Person 651.52 344.32012799999995 731.52 503.039808
Person 652.8 284.159808 705.28 335.359872
Person 673.92 400.640256 778.88 530.559936
Person 686.08 281.60006400000003 727.68 332.80012800000003
Person 691.2 305.28000000000003 751.36 423.039744
Person 734.08 280.320192 764.8 319.359744
Person 739.84 296.960256 789.12 400.640256
Person 753.92 324.479808 827.52 437.76
Person 766.08 386.559936 922.24 545.280192
Person 768.64 279.039744 807.68 321.920064
Person 792.32 298.24012799999997 832.64 387.83980799999995
Person 794.88 299.52 831.36 365.439744
Person 814.08 282.879936 846.08 320.640192
Person 822.4 332.80012800000003 876.16 424.32019199999996
Person 835.2 282.879936 873.6 371.840256
Person 852.48 314.24025600000004 913.92 412.80019200000004
Person 855.04 374.40000000000003 926.08 522.880128
Person 891.52 371.840256 1003.52 547.8399360000001
Person 896.0 314.24025600000004 954.88 426.879936
