Person 634.88 239.90375 737.28 552.37625
Person 23.04 322.7175 122.02700800000001 464.44000000000005
Person 111.78700800000001 312.4725 195.412992 469.5625
Person 121.172992 11.9525 356.692992 156.23625
Person 188.587008 214.29125 265.387008 533.59375
Person 263.68 197.21625 354.987008 496.02874999999995
Person 395.947008 204.04625000000001 565.76 510.5425
Person 433.492992 110.9875 486.4 240.7575
Person 539.307008 204.04625000000001 605.0129919999999 449.0725
Person 539.307008 319.3025 624.64 483.2225
Person 575.147008 6.83 806.4 151.11375
Person 751.787008 140.015 968.532992 303.08125
