Person 403.748864 540.857233 464.603136 620.463562
Person 3.5112959999999998 196.675128 105.32556799999999 302.036984
Person 17.554432000000002 527.979785 118.19929599999999 629.8294950000001
Person 86.60070400000001 51.510422999999996 174.372864 148.67748199999997
Person 168.520704 201.35777900000002 225.86470400000002 285.64739
Person 205.97043200000002 257.550853 238.738432 320.768219
Person 212.992 57.363579 273.847296 133.45839300000003
Person 232.887296 142.823695 279.69843199999997 206.041061
Person 234.056704 307.890771 263.314432 368.76649599999996
Person 248.100864 215.406363 300.763136 256.380348
Person 252.78156800000002 263.40464 287.890432 326.621375
Person 278.528 319.597714 320.658432 365.25435
Person 291.400704 289.15953600000006 347.575296 360.57169899999997
Person 319.488 146.33584100000002 363.959296 201.35777900000002
Person 326.509568 60.875725 363.959296 124.09246
Person 342.893568 268.087291 373.320704 326.621375
Person 376.832 270.428301 420.132864 327.79251100000005
Person 400.237568 313.743927 455.240704 375.790157
Person 406.088704 83.118475 475.136 169.749727
Person 424.813568 249.35605600000002 486.839296 326.621375
Person 557.056 207.211566 585.143296 263.40464
Person 567.588864 135.799403 614.4 216.57686800000002
Person 568.759296 536.174582 644.827136 621.634698
Person 575.780864 298.524838 663.552 378.13179799999995
Person 585.143296 214.23585799999998 622.592 262.233504
Person 620.2511360000001 214.23585799999998 651.848704 266.91678600000006
Person 636.635136 145.165336 681.106432 202.528915
Person 641.316864 216.57686800000002 679.936 273.940447
Person 798.135296 293.842187 843.776 341.840464
Person 856.648704 515.102337 885.906432 571.29478
Person 946.7607039999999 39.80348 1004.1047039999999 126.434101
