Person 169.03984 750.72 224.10556 827.52
Person 10.24488 718.72 53.78528 791.68
Person 47.3824 748.16 78.75692000000001 809.6
Person 87.08079999999998 702.72 162.63628 823.68
Person 255.48008 645.12 270.8474 674.56
Person 276.6104 659.2 290.05672 671.36
Person 290.05672 636.16 300.94148 674.56
Person 302.86247999999995 645.12 318.2298 674.56
Person 349.60432000000003 634.24 363.6912 669.44
Person 370.73463999999996 631.04 381.61940000000004 671.36
Person 472.5422 636.16 501.99640000000005 676.48
Person 475.74363999999997 666.24 544.25636 739.2
Person 518.0036 648.32 542.33536 704.64
