Person 0.0 251.352132 367.200256 661.199642
Person 275.999744 365.8212 359.199744 651.594022
Person 336.799744 361.81874799999997 355.2 416.251698
Person 351.200256 351.41210800000005 378.399744 430.660128
Person 368.0 357.81629599999997 443.200512 552.333742
Person 406.4 335.40296200000006 560.799744 661.199642
Person 575.200256 365.8212 625.599488 515.511316
Person 633.6 324.195964 704.799744 633.1824780000001
Person 696.800256 351.41210800000005 792.800256 641.98774
Person 800.0 331.40051 865.5994880000001 545.929554
Person 868.7994880000001 343.40720400000004 928.7997439999999 590.756884
Person 932.7994880000001 383.431724 993.5994880000001 548.3312900000001
