Person 149.000192 289.999751 202.000384 385.00026999999994
Person 200.99993600000002 274.99970499999995 245.000192 366.999805
Person 238.999552 577.999678 280.000512 681.000176
Person 275.00032000000004 504.99995500000006 323.00032000000004 589.0000759999999
Person 291.00032000000004 448.00019000000003 330.000384 526.000156
Person 330.99980800000003 86.99985699999999 350.999552 132.99990699999998
Person 350.00012799999996 416.000274 407.000064 512.9999339999999
Person 353.000448 85.999945 382.999552 164.999823
Person 353.99987200000004 209.99996099999998 400.0 311.999864
Person 391.999488 79.99979 432.0 162.00008699999998
Person 398.00012799999996 310.00004 453.999616 417.00018600000004
Person 408.000512 479.000194 458.99980800000003 580.000185
Person 414.999552 395.00007300000004 487.00006399999995 491.99973300000005
Person 428.000256 46.000049999999995 472.000512 137.000238
Person 428.000256 201.00007 481.999872 300.000237
Person 467.999744 435.99988 531.00032 528.999892
Person 481.999872 268.000321 515.9997440000001 379.000115
Person 483.00032000000004 22.000113000000002 513.000448 106.000234
Person 490.99980800000003 209.99996099999998 524.99968 287.000015
Person 499.00032000000004 584.999745 551.999488 682.000088
Person 504.000512 512.0000220000001 568.999936 591.999812
Person 508.99967999999996 21.000201000000004 547.00032 98.000255
Person 519.999488 287.99992699999996 563.00032 356.00009
Person 556.0002559999999 61.000096 590.999552 146.00012900000002
Person 561.000448 594.000319 613.000192 682.000088
Person 565.000192 401.000228 622.999552 510.00019800000007
Person 567.000064 209.99996099999998 609.000448 318.99993099999995
Person 604.99968 390.99974199999997 636.0002559999999 467.999796
Person 609.000448 302.999973 634.999808 372.99995999999993
Person 618.999808 502.000219 668.0002559999999 585.9996570000001
Person 620.99968 57.999677000000005 656.0 126.999752
Person 622.999552 420.999834 657.000448 491.99973300000005
Person 627.00032 585.9996570000001 677.000192 682.000088
Person 636.0002559999999 388.000006 693.9996160000001 467.999796
Person 670.000128 521.999825 725.9996160000001 605.000034
Person 684.99968 49.999697999999995 728.999936 138.00015000000002
Person 709.9996160000001 575.9998539999999 757.000192 682.000088
Person 743.999488 515.99967 789.9996160000001 626.0002350000001
Person 757.000192 258.999747 794.999808 339.00021999999996
Person 766.000128 472.00012699999996 819.00032 572.0002059999999
Person 768.0 432.000232 835.00032 497.999888
Person 791.000064 98.000255 828.99968 180.99978099999998
Person 794.0003839999999 548.000269 858.999808 649.00026
Person 828.99968 403.99996400000003 885.9996160000001 509.00028599999996
Person 869.9996160000001 209.99996099999998 919.0000640000001 299.00032500000003
Person 878.999552 553.9997410000001 920.000512 633.000302
Person 912.0 499.99971200000005 990.0001279999999 613.999925
Person 913.9998720000001 232.000074 974.0001279999999 342.999868
Person 926.0001279999999 351.999759 954.999808 435.99988
Person 958.999552 393.000249 995.999744 451.999838
Person 972.000256 444.999771 1008.0 552.999829
