Person 600.32 72.96000000000001 665.6 276.48
Person 12.8 43.520255999999996 99.84 253.44
Person 81.92 16.640256 167.68 203.52
Person 154.88 1.280256 190.72 57.599999999999994
Person 229.12 10.239744000000002 264.96 110.07974399999999
Person 267.52 61.44 316.16 241.92000000000002
Person 280.32 57.599999999999994 375.04 252.159744
Person 353.28 70.400256 401.92 295.68
Person 532.48 55.040256 600.32 215.04000000000002
Person 675.84 74.24025599999999 737.28 245.76
Person 943.36 177.920256 1022.72 485.120256
