Person 454.971392 402.08281200000005 532.680704 608.7609199999999
Person 325.874688 662.6229 396.063744 722.7474800000001
Person 409.85087999999996 665.1279400000001 466.25177599999995 722.7474800000001
Person 432.41164800000007 174.11041600000001 477.53216 285.591936
Person 467.50515199999995 179.12122000000002 521.40032 294.359576
Person 475.025408 680.1589039999999 527.6672 722.7474800000001
Person 564.015104 571.1831480000001 641.723392 683.917188
Person 580.307968 656.359576 622.922752 722.7474800000001
Person 642.976768 536.110416 715.6715519999999 610.014164
Person 862.3155199999999 605.0033599999999 907.4370560000001 655.1070560000001
Person 881.1161599999999 621.286844 932.5045759999999 667.6329800000001
Person 970.104832 596.234996 1016.479744 662.6229
