Person 401.92 422.870571 448.64 532.43265
Person 0.0 408.774817 61.44 649.041923
Person 172.8 446.576818 200.32 493.98999499999996
Person 183.04 492.708004 222.72 543.965105
Person 209.28 441.450903 230.4 492.708004
Person 235.52 495.27130300000005 270.08 542.683797
Person 255.36 455.546657 267.52 492.708004
Person 276.48 445.29551 304.0 490.14538799999997
Person 301.44 425.43318700000003 344.96 538.839873
Person 356.48 451.702733 376.32 493.98999499999996
Person 382.72 465.15783300000004 402.56 513.851635
Person 492.8 426.714495 526.72 520.258858
Person 525.44 452.984041 546.56 483.097511
Person 554.88 379.302001 570.24 413.900732
Person 558.72 426.714495 602.88 517.696242
Person 592.64 388.912494 612.48 426.714495
Person 596.48 413.900732 637.44 505.52245
Person 616.32 400.44563200000005 633.6 426.714495
Person 673.92 416.46334800000005 691.2 487.582772
Person 727.68 394.038409 751.36 452.984041
Person 728.96 401.72694 773.76 487.582772
Person 773.76 413.900732 801.28 447.858126
Person 823.68 451.702733 866.56 497.83391900000004
Person 853.76 407.49350899999996 880.0 477.971596
Person 928.64 445.29551 1009.92 533.073304
Person 953.6 400.44563200000005 967.68 426.714495
