Person 6.4 363.924939 16.64 374.17608600000005
Person 45.44 367.769546 65.28 404.289556
Person 99.2 363.924939 113.92 388.912494
Person 145.28 358.79902400000003 156.8 376.73938499999997
Person 183.04 361.362323 197.76 376.73938499999997
Person 200.32 388.912494 227.84 445.29551
Person 227.84 361.362323 246.4 399.16432399999997
Person 246.4 390.194485 271.36 435.044363
Person 359.04 367.769546 373.76 387.631186
Person 402.56 369.050854 412.8 385.06857
Person 503.68 394.038409 525.44 420.30795500000005
Person 511.36 356.23640800000004 525.44 376.73938499999997
Person 574.08 375.45807699999995 587.52 417.74465599999996
Person 600.32 374.17608600000005 622.72 426.714495
Person 611.2 375.45807699999995 625.28 395.31971699999997
Person 687.36 374.17608600000005 707.2 437.60697899999997
Person 725.12 356.23640800000004 736.64 369.050854
Person 741.12 382.505271 784.0 461.31322600000004
Person 750.08 360.08101500000004 766.08 376.73938499999997
Person 871.04 408.774817 912.64 461.31322600000004
