Person 688.64 425.1598 887.68 600.60252
Person 0.0 112.69300000000001 58.24 338.079
Person 93.44 103.08868 172.16 336.79856
Person 163.2 85.15979999999999 259.84 334.23699999999997
Person 229.76 71.71347999999999 318.08 329.11456000000004
Person 313.6 100.52712 396.8 322.71168
Person 396.8 80.67792 488.32 196.57235999999997
Person 483.2 75.55547999999999 580.48 258.04164000000003
Person 580.48 61.4686 666.88 275.32928
Person 677.12 64.03016 748.16 301.58204
Person 766.72 75.55547999999999 845.44 307.98492
